35 33
1 4 1 7
1 9
1 11
1 13
2 8 4
2 11 4
2 13 2
1 14
2 2 5
1 17
1 26
1 29
2 17 10
2 18 10
3 10 4 9
4 12 3 2 9
3 16 5 8
4 9 6 2 7
3 13 5 6
3 11 4 4
4 5 5 3 4
5 6 2 1 3 5
6 2 3 3 4 3 2
3 5 8 5
3 6 8 6
7 2 7 1 1 1 4 2
2 15 6
5 8 1 1 1 10
4 2 10 8 2
2 10 8
2 11 10
2 11 12
1 27
1 29

1 3
1 5
3 7 1 1
5 8 1 1 1 2
5 9 2 2 1 4
3 12 2 8
1 24
1 24
2 1 24
3 3 12 11
4 3 5 5 9
5 4 5 2 3 10
5 5 5 1 9 6
4 6 6 9 8
4 7 12 5 6
5 8 13 2 2 2
3 18 4 2
5 15 4 3 2 3
3 13 11 3
6 5 7 2 6 2 4
6 5 7 2 2 2 7
5 5 2 3 3 7
5 5 1 4 2 8
3 4 5 11
2 4 25
2 2 25
1 25
3 12 2 8
5 9 2 2 1 4
5 9 1 1 1 2
3 7 1 1
1 5
1 3