60 100

3 64 7 27
3 1 9 1
3 63 10 25
10 1 1 1 1 1 3 7 1 1 1
12 1 1 1 8 1 1 2 2 5 1 1 1
15 1 1 1 7 3 1 1 2 2 5 2 4 1 1 1
10 18 6 18 2 2 3 1 1 3 20
15 1 1 1 7 3 1 4 2 3 1 1 3 1 1 1
15 1 1 1 10 4 1 1 1 4 3 1 4 1 1 1
16 1 1 1 3 3 4 1 1 4 4 3 3 4 1 1 1
12 17 2 2 4 8 1 1 2 4 3 4 23
17 1 1 1 2 3 1 6 3 1 1 2 4 4 1 6 9 1
17 1 1 2 1 1 2 3 2 1 1 2 4 4 4 6 9 1
16 1 3 1 1 1 2 3 1 15 2 4 2 4 1 9 1
15 3 1 1 4 2 2 2 3 1 2 2 1 4 6 16
14 1 8 1 1 1 3 3 1 13 2 4 5 11 1
16 1 9 1 2 3 8 2 1 1 2 1 4 1 4 13 1
13 1 10 5 7 3 1 1 10 4 1 2 13 1
16 1 1 1 11 5 3 3 4 1 2 1 1 4 1 1 20
15 6 1 1 10 1 3 2 8 5 2 4 4 3 15 1
15 1 1 1 1 12 2 3 2 8 7 2 1 4 2 16
18 1 1 1 1 1 9 4 3 2 9 3 3 2 2 4 1 17 2
18 1 1 1 1 10 3 1 3 9 3 3 4 5 3 4 5 1 1
19 6 1 1 10 3 2 1 2 1 8 13 1 6 1 7 2 1 2 2
17 1 13 1 1 1 1 1 1 7 3 3 12 9 3 1 1 1
18 1 1 9 1 3 2 1 1 1 6 3 3 10 11 1 4 2 1
18 1 4 8 1 2 3 2 1 1 5 19 10 1 5 4 1 1 4 
21 1 1 1 2 7 1 2 1 2 1 1 1 4 3 13 3 2 4 1 1 1
22 1 1 1 3 6 1 1 3 1 1 2 1 3 3 12 1 1 1 2 1 1 1
21 5 6 1 1 1 1 1 1 1 1 2 3 5 3 1 1 1 2 2 1 1
19 8 7 1 1 1 1 1 1 1 2 18 6 3 2 1 2 3 1 3 
21 10 4 2 1 1 1 1 1 1 1 1 3 2 1 4 1 3 2 4 1 1 
22 3 1 6 2 3 1 1 1 1 1 1 3 1 11 2 2 7 2 5 1 2 1
20 1 8 2 2 1 1 1 1 1 1 3 12 1 1 7 4 3 3 3 1 
18 1 1 7 1 3 1 1 1 1 1 10 10 1 7 1 1 3 10
22 1 1 11 1 3 1 1 1 1 1 3 1 10 1 5 1 3 1 1 5 1 1
22 8 6 2 1 1 1 1 1 3 1 2 9 1 2 1 2 3 1 1 1 1 1
22 2 10 2 2 2 1 1 1 3 1 10 2 1 2 1 2 3 1 1 1 1 1
19 5 6 4 4 1 1 1 8 11 1 7 1 2 1 1 1 1 1 11
21 11 4 1 1 1 1 15 1 2 1 1 2 2 1 1 1 1 1 1 1 1
17 12 9 1 1 15 5 1 5 1 1 1 1 1 1 1 1 1
17 2 10 1 6 1 15 4 3 3 1 1 1 1 1 1 1 1
12 13 1 1 7 15 5 4 1 1 1 1 11
13 13 4 1 1 1 15 2 9 1 1 1 1 1
14 13 7 1 1 1 15 1 3 1 3 1 1 5 1
13 1 3 3 2 6 1 1 14 3 3 3 8 1
9 1 1 2 6 8 14 3 10 1
9 1 1 2 4 3 1 14 2 14
15 1 3 3 2 4 4 1 1 14 1 1 2 1 9 1
15 1 3 3 3 3 5 1 14 1 2 2 1 2 4 1
15 1 3 3 3 3 12 14 2 1 3 1 1 1 4 1
16 1 3 3 3 2 8 1 15 1 1 1 3 4 1 4 3
13 1 3 3 10 1 1 1 15 1 2 3 4 12
14 1 3 3 5 4 1 1 10 3 6 1 5 6 1
13 1 3 3 4 3 7 7 6 2 5 1 2 2
16 1 3 2 4 4 1 1 5 4 14 1 1 1 1 2 2
12 1 3 16 1 1 3 1 2 6 2 5 5
12 1 3 4 1 1 1 2 1 5 1 4 8
7 2 8 9 3 2 2 11
3 8 4 6

6 3 2 1 2 6 8
4 1 27 2 9
11 1 1 1 1 1 1 1 3 2 3 3
10 1 1 1 1 1 1 1 3 1 20
9 1 1 1 1 1 1 6 11 8
10 1 1 5 3 1 1 3 5 7 8
8 1 1 1 1 3 5 8 10
6 1 5 1 3 2 16
7 1 1 1 2 12 3 26
11 1 1 1 1 1 3 1 3 6 9 8
9 1 1 1 1 12 1 15 7 3
9 1 1 1 1 3 2 13 1 2
10 1 1 1 1 3 4 5 13 1 1
8 1 1 5 2 9 3 12 1
9 1 1 1 1 1 9 2 9 1
8 1 5 1 1 12 2 3 4
8 1 1 1 5 14 2 3 3
9 1 1 1 1 1 16 1 1 2
9 1 1 1 1 14 3 1 1 2
9 1 1 6 12 1 2 6 2 2
8 1 1 9 8 2 2 12 2
8 1 1 5 10 3 2 3 16
9 1 1 4 2 7 2 4 8 6
9 1 1 5 1 5 2 10 5 2
10 1 1 5 4 3 1 2 2 3 2
11 1 1 5 1 1 4 1 2 11 3 1
12 1 1 2 1 2 1 1 3 1 2 2 1
11 1 1 2 1 1 1 1 3 2 12 1
9 1 1 1 2 1 5 2 2 1
9 1 1 1 1 2 1 16 1 1
9 1 1 2 3 6 5 1 1 1
9 1 1 2 5 3 1 16 2 1
10 1 1 3 4 4 2 4 2 3 1
11 1 1 2 2 4 1 2 8 4 4 1
12 1 1 3 1 3 2 1 5 2 2 5 1
13 1 1 1 1 2 2 1 2 4 3 2 6 1
10 1 1 1 1 1 1 2 1 7 25
16 1 1 1 2 2 2 1 1 2 3 1 1 1 1 1 1
15 1 5 1 1 1 2 1 9 3 1 1 1 1 1 1
14 1 1 1 1 5 1 9 4 1 1 1 1 1 1
20 1 1 1 2 1 4 8 3 1 1 1 1 1 1 1 1 1 1 1 1
16 1 1 1 1 1 1 8 3 1 1 1 1 1 1 1 1
8 1 1 1 2 9 3 1 21
9 1 1 1 2 7 4 1 3 1
10 1 1 1 3 8 3 1 1 3 20
9 1 1 5 5 6 3 1 1 20
10 1 1 1 1 5 3 1 1 2 2
8 1 5 1 2 5 4 1 23
10 1 1 1 3 2 3 1 1 2 6
10 1 1 7 1 2 3 1 1 23 2
10 1 1 4 1 1 4 1 1 23 1
11 1 1 4 5 1 3 1 1 1 22 3
12 1 1 3 1 2 2 1 1 1 22 2 1
12 1 1 5 1 1 2 1 1 1 22 1 1
12 1 1 5 1 1 2 1 1 1 21 1 1
13 1 1 1 1 1 3 1 1 1 4 15 2 2
12 1 1 1 1 2 4 1 1 3 14 1 2
12 1 1 6 1 3 3 1 1 2 14 1 1
12 1 1 9 3 2 3 1 2 8 2 1 1
11 1 1 9 3 2 4 2 4 3 1 1
9 1 1 8 1 2 3 1 5 2
11 1 1 2 3 1 3 1 2 1 1 1
13 1 1 4 3 1 2 3 1 1 1 1 1 1
8 1 7 3 6 4 1 1 1
8 10 2 2 7 1 1 1 4
13 4 1 2 1 6 2 1 1 1 2 1 3 2
10 3 3 3 8 1 1 4 3 7 1
10 3 1 19 4 2 3 1 1 1 1
11 4 1 1 1 16 7 2 2 1 3 1
10 4 1 2 1 16 11 1 1 4 1
7 5 17 4 1 2 7 2
7 5 3 12 2 1 8 1
9 7 2 1 18 3 2 1 2 1
13 1 4 3 2 5 11 2 1 2 1 1 1 1
9 1 8 2 6 2 1 1 1 1
13 1 1 5 3 1 1 6 3 2 1 1 1 1
12 1 1 3 9 2 2 1 3 2 4 1 1
12 1 1 8 2 3 3 2 2 1 3 1 1
10 1 1 7 3 3 1 1 2 6 1
11 1 1 1 6 4 3 1 1 3 1 1
11 1 1 1 3 6 3 1 2 1 10 2
9 1 1 1 4 6 4 2 1 1
9 1 1 1 1 7 7 14 2 1
10 1 1 1 1 8 5 3 1 3 2
5 1 5 13 23 7
9 1 1 1 14 6 1 1 3 3
7 1 1 1 15 2 17 5
11 1 1 17 3 1 1 1 5 1 2 2
11 1 1 1 12 1 1 1 1 14 1 3
11 1 1 1 12 1 6 1 1 5 1 2
11 1 1 1 13 2 1 2 1 1 10 2
9 1 5 16 2 2 5 10 1 1
10 1 1 1 13 5 2 1 1 10 2
12 1 1 1 1 1 1 1 1 7 1 9 3
13 1 1 5 1 1 1 7 1 1 1 1 2 3
12 1 1 1 1 1 1 3 1 5 1 2 1
15 1 1 1 1 1 1 2 2 1 1 1 1 1 1 2
15 1 1 1 1 1 1 1 1 1 1 1 1 1 2 2
6 1 18 1 2 27 1
4 3 2 2 3