128 128

1 128
1 128
1 128
1 128
1 128
1 128
1 128
1 128
1 1
1 127
1 128
1 128
1 128
1 128
1 128
1 128
1 1
1 127
1 128
1 128
1 128
1 128
1 128
1 128
1 1
1 127
1 128
1 128
1 128
1 128
1 128
1 128
1 1
1 127
1 128
1 128
2 31 90
2 96 30
2 96 30
2 95 29
2 1 10
2 93 28
2 94 28
2 93 27
3 27 51 27
2 92 26
2 92 26
2 91 25
2 1 18
2 89 24
2 90 24
2 89 23
3 23 43 23
2 88 22
2 88 22
2 87 21
2 1 26
2 85 20
2 86 20
2 85 19
3 19 35 19
2 84 18
2 84 18
2 83 17
2 1 34
2 82 17
2 84 18
2 84 18
3 19 35 19
2 85 19
2 86 20
2 86 20
2 1 26
2 86 21
2 88 22
2 88 22
3 23 43 23
2 89 23
2 90 24
2 90 24
2 1 18
2 90 25
2 92 26
2 92 26
3 27 51 27
2 93 27
2 94 28
2 94 28
2 1 10
2 94 29
2 96 30
2 96 30
2 31 90
1 128
1 128
1 128
1 1
1 127
1 128
1 128
1 128
1 128
1 128
1 128
1 1
1 127
1 128
1 128
1 128
1 128
1 128
1 128
1 1
1 127
1 128
1 128
1 128
1 128
1 128
1 128
1 1
1 127
1 128
1 128
1 128
1 128
1 128
1 128

16 9 7 7 7 7 7 7 7 7 7 7 7 7 7 7 6
16 8 7 7 7 7 7 7 7 7 7 7 7 7 7 7 7
16 8 7 7 7 7 7 7 7 7 7 7 7 7 7 7 7
16 8 7 7 7 7 7 7 7 7 7 7 7 7 7 7 7
16 8 7 7 7 7 7 7 7 7 7 7 7 7 7 7 7
16 8 7 7 7 7 7 7 7 7 7 7 7 7 7 7 7
16 8 7 7 7 7 7 7 7 7 7 7 7 7 7 7 7
16 8 7 7 7 7 7 7 7 7 7 7 7 7 7 7 7
16 8 7 7 7 7 7 7 7 7 7 7 7 7 7 7 7
16 8 7 7 7 7 7 7 7 7 7 7 7 7 7 7 7
16 8 7 7 7 7 7 7 7 7 7 7 7 7 7 7 7
16 8 7 7 7 7 7 7 7 7 7 7 7 7 7 7 7
16 8 7 7 7 7 7 7 7 7 7 7 7 7 7 7 7
16 8 7 7 7 7 7 7 7 7 7 7 7 7 7 7 7
16 8 7 7 7 7 7 7 7 7 7 7 7 7 7 7 7
16 8 7 7 7 7 7 7 7 7 7 7 7 7 7 7 7
16 8 7 7 7 7 7 7 7 7 7 7 7 7 7 7 7
15 8 7 7 7 7 7 7 15 7 7 7 7 7 7 7
15 8 7 7 7 7 7 7 15 7 7 7 7 7 7 7
17 8 7 7 7 7 7 7 3 7 3 7 7 7 7 7 7 7
17 8 7 7 7 7 7 7 3 7 3 7 7 7 7 7 7 7
15 8 7 7 7 7 7 11 7 11 7 7 7 7 7 7
15 8 7 7 7 7 7 11 7 11 7 7 7 7 7 7
17 8 7 7 7 7 7 3 7 7 7 3 7 7 7 7 7 7
17 8 7 7 7 7 7 3 7 7 7 3 7 7 7 7 7 7
15 8 7 7 7 7 11 7 7 7 11 7 7 7 7 7
15 8 7 7 7 7 11 7 7 7 11 7 7 7 7 7
17 8 7 7 7 7 3 7 7 7 7 7 3 7 7 7 7 7
17 8 7 7 7 7 3 7 7 7 7 7 3 7 7 7 7 7
15 8 7 7 7 11 7 7 7 7 7 11 7 7 7 7
15 8 7 7 7 11 7 7 7 7 7 11 7 7 7 7
17 8 7 7 7 3 7 7 7 7 7 7 7 3 7 7 7 7
17 8 7 7 7 3 7 7 7 7 7 7 7 3 7 7 7 7
17 8 7 7 7 3 7 7 7 7 7 7 7 3 7 7 7 7
17 8 7 7 7 3 7 7 7 7 7 7 7 3 7 7 7 7
17 8 7 7 7 3 7 7 7 7 7 7 7 3 7 7 7 7
17 8 7 7 7 3 7 7 7 7 7 7 7 3 7 7 7 7
17 8 7 7 7 3 7 7 7 7 7 7 7 3 7 7 7 7
15 8 7 7 7 11 7 7 7 7 7 11 7 7 7 7
17 8 7 7 7 7 3 7 7 7 7 7 3 7 7 7 7 7
17 8 7 7 7 7 3 7 7 7 7 7 3 7 7 7 7 7
17 8 7 7 7 7 3 7 7 7 7 7 3 7 7 7 7 7
15 8 7 7 7 7 11 7 7 7 11 7 7 7 7 7
17 8 7 7 7 7 7 3 7 7 7 3 7 7 7 7 7 7
17 8 7 7 7 7 7 3 7 7 7 3 7 7 7 7 7 7
17 8 7 7 7 7 7 3 7 7 7 3 7 7 7 7 7 7
15 8 7 7 7 7 7 11 7 11 7 7 7 7 7 7
17 8 7 7 7 7 7 7 3 7 3 7 7 7 7 7 7 7
17 8 7 7 7 7 7 7 3 7 3 7 7 7 7 7 7 7
17 8 7 7 7 7 7 7 3 7 3 7 7 7 7 7 7 7
15 8 7 7 7 7 7 7 15 7 7 7 7 7 7 7
16 8 7 7 7 7 7 7 7 7 7 7 7 7 7 7 7
16 8 7 7 7 7 7 7 7 7 7 7 7 7 7 7 7
16 8 7 7 7 7 7 7 7 7 7 7 7 7 7 7 7
16 8 7 7 7 7 7 7 7 7 7 7 7 7 7 7 7
16 8 7 7 7 7 7 7 7 7 7 7 7 7 7 7 7
16 8 7 7 7 7 7 7 7 7 7 7 7 7 7 7 7
16 8 7 7 7 7 7 7 7 7 7 7 7 7 7 7 7
16 8 7 7 7 7 7 7 7 7 7 7 7 7 7 7 7
16 8 7 7 7 7 7 7 7 7 7 7 7 7 7 7 7
16 8 7 7 7 7 7 7 7 7 7 7 7 7 7 7 7
16 8 7 7 7 7 7 7 7 7 7 7 7 7 7 7 7
16 8 7 7 7 7 7 7 7 7 7 7 7 7 7 7 7
16 8 7 7 7 7 7 7 7 7 7 7 7 7 7 7 7
16 8 7 7 7 7 7 7 7 7 7 7 7 7 7 7 7
16 8 7 7 7 7 7 7 7 7 7 7 7 7 7 7 7
16 8 7 7 7 7 7 7 7 7 7 7 7 7 7 7 7
16 8 7 7 7 7 7 7 7 7 7 7 7 7 7 7 7
16 8 7 7 7 7 7 7 7 7 7 7 7 7 7 7 7
16 8 7 7 7 7 7 7 7 7 7 7 7 7 7 7 7
16 8 7 7 7 7 7 7 7 7 7 7 7 7 7 7 7
16 8 7 7 7 7 7 7 7 7 7 7 7 7 7 7 7
16 8 7 7 7 7 7 7 7 7 7 7 7 7 7 7 7
16 8 7 7 7 7 7 7 7 7 7 7 7 7 7 7 7
16 8 7 7 7 7 7 7 7 7 7 7 7 7 7 7 7
16 8 7 7 7 7 7 7 7 7 7 7 7 7 7 7 7
16 8 7 7 7 7 7 7 7 7 7 7 7 7 7 7 7
16 8 7 7 7 7 7 7 7 7 7 7 7 7 7 7 7
16 8 7 7 7 7 7 7 7 7 7 7 7 7 7 7 7
16 8 7 7 7 7 7 7 7 7 7 7 7 7 7 7 7
16 8 7 7 7 7 7 7 7 7 7 7 7 7 7 7 7
16 8 7 7 7 7 7 7 7 7 7 7 7 7 7 7 7
16 8 7 7 7 7 7 7 7 7 7 7 7 7 7 7 7
16 8 7 7 7 7 7 7 6 6 7 7 7 7 7 7 7
16 8 7 7 7 7 7 7 4 4 7 7 7 7 7 7 7
16 8 7 7 7 7 7 7 2 2 7 7 7 7 7 7 7
14 8 7 7 7 7 7 7 7 7 7 7 7 7 7
14 8 7 7 7 7 7 6 6 7 7 7 7 7 7
14 8 7 7 7 7 7 4 4 7 7 7 7 7 7
14 8 7 7 7 7 7 2 2 7 7 7 7 7 7
12 8 7 7 7 7 7 7 7 7 7 7 7
12 8 7 7 7 7 6 6 7 7 7 7 7
12 8 7 7 7 7 4 4 7 7 7 7 7
12 8 7 7 7 7 2 2 7 7 7 7 7
10 8 7 7 7 7 7 7 7 7 7
10 8 7 7 7 6 6 7 7 7 7
10 8 7 7 7 4 4 7 7 7 7
10 8 7 7 7 4 4 7 7 7 7
10 8 7 7 7 6 6 7 7 7 7
10 8 7 7 7 7 7 7 7 7 7
12 8 7 7 7 7 2 2 7 7 7 7 7
12 8 7 7 7 7 4 4 7 7 7 7 7
12 8 7 7 7 7 6 6 7 7 7 7 7
12 8 7 7 7 7 7 7 7 7 7 7 7
14 8 7 7 7 7 7 2 2 7 7 7 7 7 7
14 8 7 7 7 7 7 4 4 7 7 7 7 7 7
14 8 7 7 7 7 7 6 6 7 7 7 7 7 7
14 8 7 7 7 7 7 7 7 7 7 7 7 7 7
16 8 7 7 7 7 7 7 2 2 7 7 7 7 7 7 7
16 8 7 7 7 7 7 7 4 4 7 7 7 7 7 7 7
16 8 7 7 7 7 7 7 6 6 7 7 7 7 7 7 7
16 8 7 7 7 7 7 7 7 7 7 7 7 7 7 7 7
16 8 7 7 7 7 7 7 7 7 7 7 7 7 7 7 7
16 8 7 7 7 7 7 7 7 7 7 7 7 7 7 7 7
16 8 7 7 7 7 7 7 7 7 7 7 7 7 7 7 7
16 8 7 7 7 7 7 7 7 7 7 7 7 7 7 7 7
16 8 7 7 7 7 7 7 7 7 7 7 7 7 7 7 7
16 8 7 7 7 7 7 7 7 7 7 7 7 7 7 7 7
16 8 7 7 7 7 7 7 7 7 7 7 7 7 7 7 7
16 8 7 7 7 7 7 7 7 7 7 7 7 7 7 7 7
16 8 7 7 7 7 7 7 7 7 7 7 7 7 7 7 7
16 8 7 7 7 7 7 7 7 7 7 7 7 7 7 7 7
16 8 7 7 7 7 7 7 7 7 7 7 7 7 7 7 7
16 8 7 7 7 7 7 7 7 7 7 7 7 7 7 7 7
16 8 7 7 7 7 7 7 7 7 7 7 7 7 7 7 7
16 8 7 7 7 7 7 7 7 7 7 7 7 7 7 7 7
16 8 7 7 7 7 7 7 7 7 7 7 7 7 7 7 7
16 8 7 7 7 7 7 7 7 7 7 7 7 7 7 7 7
