256 256

1 256
1 256
1 256
1 256
1 256
2 93 161
2 92 161
3 92 1 161
3 91 1 160
3 90 3 159
3 89 5 159
4 88 6 39 117
4 86 7 40 116
6 72 8 9 39 1 116
6 73 4 12 38 2 116
7 74 2 1 12 38 3 115
6 74 4 12 39 4 115
5 75 19 39 4 115
5 74 19 38 4 115
5 74 20 38 5 115
5 73 19 38 5 115
6 74 19 24 13 5 115
6 74 18 20 12 6 114
8 75 14 19 3 3 2 7 114
7 79 15 20 6 1 8 114
6 78 15 11 5 24 113
6 58 16 17 11 25 112
6 58 16 20 8 34 111
7 53 2 14 20 7 38 110
7 47 3 14 22 6 38 110
7 46 1 4 15 22 39 111
5 46 11 12 69 111
5 46 12 10 69 111
5 46 9 7 71 113
6 49 12 2 2 70 113
4 49 13 71 114
4 47 1 89 114
3 46 89 116
4 45 91 1 114
6 45 91 1 1 3 105
5 46 91 1 1 103
4 46 99 3 103
4 46 104 3 98
4 46 104 2 97
5 46 102 2 3 95
5 47 102 3 5 91
7 47 101 2 9 1 1 85
6 48 101 2 12 2 85
4 48 101 13 86
3 48 120 84
3 48 122 84
3 47 122 84
3 48 122 84
3 47 122 84
3 47 123 84
4 47 123 3 74
5 47 123 1 5 73
5 47 123 8 5 61
3 47 139 60
3 47 147 59
3 47 148 58
3 47 149 57
3 46 150 55
3 46 153 55
3 46 153 54
3 46 154 53
3 45 155 52
3 44 157 52
3 40 158 51
4 36 1 163 49
3 35 166 48
3 34 171 48
3 33 172 43
3 32 178 41
3 32 181 39
3 31 183 39
3 31 184 39
3 31 184 38
3 30 185 38
3 30 186 38
3 30 186 38
3 30 186 38
3 30 186 38
3 28 186 38
3 27 188 37
3 27 190 37
3 27 190 37
3 26 190 37
3 26 190 37
3 27 190 37
3 27 188 37
3 28 188 38
3 28 187 38
3 29 186 38
3 30 186 38
3 30 186 38
3 30 184 38
3 31 184 39
3 31 183 39
3 31 182 40
5 31 6 18 144 41
7 34 4 2 17 5 142 41
7 35 1 3 17 7 141 42
6 37 4 16 6 141 43
5 44 13 8 140 43
6 44 13 1 9 139 44
5 44 10 11 138 45
5 44 9 14 138 46
6 44 2 1 15 136 46
5 44 4 15 135 48
3 70 135 49
3 70 133 49
3 71 133 50
3 71 133 50
3 71 131 50
3 72 129 51
3 73 127 52
3 74 126 53
3 75 120 53
3 81 118 53
3 82 115 54
3 85 111 54
3 86 111 57
3 86 109 57
3 87 103 58
4 88 3 101 58
3 94 101 59
3 94 100 59
3 95 100 59
3 95 100 59
3 94 100 59
3 94 101 59
3 94 101 59
3 94 101 59
3 94 101 59
3 94 100 59
3 94 100 60
3 94 100 60
3 94 98 59
3 96 96 59
3 99 91 59
3 104 90 59
3 104 90 60
3 104 90 60
3 104 90 60
3 104 88 60
3 105 86 61
3 107 86 61
3 107 86 61
3 107 86 61
3 107 86 61
3 107 86 61
3 107 84 61
3 108 84 62
3 108 83 62
3 108 83 63
3 108 82 63
3 108 82 64
3 107 82 64
3 107 83 64
3 106 83 64
3 106 84 64
3 105 84 64
3 105 85 64
3 105 84 64
3 105 82 65
3 106 81 66
3 106 81 67
3 106 80 67
3 107 80 67
3 107 79 67
3 107 79 68
3 106 77 68
3 106 78 70
3 106 77 70
3 106 76 71
3 107 76 71
4 107 2 68 71
5 107 1 1 65 71
4 112 4 63 72
3 117 62 74
3 117 60 75
4 118 49 8 76
6 118 47 1 1 1 75
6 119 47 3 2 1 75
3 119 47 88
3 119 47 88
3 119 43 88
4 119 1 39 92
4 119 1 34 92
3 123 33 97
3 123 32 98
3 123 31 99
3 122 30 100
3 122 31 101
3 122 30 101
3 122 29 102
3 122 28 103
3 122 23 104
3 125 21 106
3 126 21 107
3 126 21 106
3 126 21 106
3 126 20 107
3 126 20 108
3 126 20 108
3 126 20 107
3 126 21 107
3 126 21 107
3 125 21 107
3 125 22 107
3 122 22 107
3 121 25 107
3 121 26 107
3 120 25 107
3 119 26 108
3 118 27 108
3 117 28 108
3 117 28 108
3 116 28 109
3 115 28 109
3 115 28 110
3 114 27 111
3 114 28 112
3 113 27 112
3 112 28 113
3 112 28 113
3 111 28 114
3 111 25 114
4 110 2 24 115
4 110 4 24 115
3 115 22 115
3 116 21 116
3 117 19 116
3 119 17 116
3 120 15 117
3 121 13 118
3 122 11 119
3 124 9 119
3 124 8 121
3 125 6 121
3 126 5 122
3 126 4 123
3 127 2 123
3 128 2 124
3 128 2 124
3 128 1 124
3 128 1 125
2 127 125
2 127 126
2 127 127
1 256
1 256
1 256
1 256
1 256

1 256
1 256
1 256
1 256
1 256
1 256
1 256
1 256
1 256
1 256
1 256
1 256
1 256
1 256
1 256
1 256
1 256
1 256
1 256
1 256
1 256
1 256
1 256
1 256
1 256
1 256
2 87 167
2 84 165
3 83 5 163
3 83 8 162
3 78 9 159
3 75 17 155
3 73 24 155
3 72 26 155
3 71 27 154
3 70 29 153
3 69 31 153
3 69 31 152
3 70 32 152
3 69 31 152
3 68 31 153
3 68 31 154
3 68 31 155
3 68 31 155
3 67 31 146
4 38 26 41 146
5 30 3 17 42 146
8 29 2 2 6 4 1 45 146
6 29 3 3 8 54 147
4 29 2 70 147
3 30 77 147
3 30 77 147
3 30 77 146
3 28 78 146
3 28 77 146
3 29 76 148
3 29 76 149
3 28 76 149
3 26 72 149
4 28 1 70 151
3 33 70 150
3 33 69 151
3 33 66 152
3 34 64 154
3 35 64 155
3 35 64 155
3 34 64 155
3 35 64 155
3 35 64 155
4 34 64 1 152
3 32 66 144
3 32 78 141
4 13 17 81 140
5 13 5 10 83 139
5 13 1 5 84 138
6 14 1 3 2 88 137
5 14 8 2 91 137
5 14 7 2 91 137
5 15 7 1 91 137
4 15 7 92 137
3 15 101 137
3 16 101 136
3 14 102 135
3 13 105 135
3 13 106 135
3 13 106 134
3 12 107 132
3 12 110 131
3 11 111 130
3 10 112 130
3 9 113 131
3 8 114 131
3 6 115 131
3 5 117 130
5 5 11 101 2 117
6 8 5 2 101 7 117
4 9 9 109 116
5 11 13 2 108 116
3 30 108 116
3 30 108 115
3 30 109 115
3 30 109 115
3 30 109 115
3 30 109 115
3 29 109 110
4 27 115 15 90
6 27 118 13 2 3 80
6 27 118 5 7 2 77
4 26 124 18 77
3 25 150 78
4 25 150 50 25
4 26 151 48 26
4 26 151 45 27
5 26 150 45 2 27
5 26 150 44 3 26
6 22 2 150 41 6 24
5 22 151 40 10 23
5 22 155 35 12 22
5 22 158 32 15 22
5 21 160 25 16 21
5 22 165 24 18 20
5 23 164 22 20 19
6 23 164 4 12 23 18
6 23 163 4 12 25 18
5 24 173 12 25 16
5 24 173 9 27 15
4 24 174 30 13
4 23 217 4 5
3 23 219 5
3 23 223 6
3 24 221 7
3 24 218 9
3 23 216 12
3 21 216 14
3 18 216 15
3 14 219 17
3 13 221 17
3 11 221 19
4 11 25 193 20
5 12 20 1 190 21
5 15 13 2 187 24
5 22 8 1 186 27
5 25 5 4 183 29
5 26 4 7 181 31
4 27 6 180 33
4 28 9 179 34
3 40 176 35
4 41 161 7 37
4 40 157 2 41
4 39 157 1 53
4 39 3 149 57
5 40 1 3 148 57
4 40 5 147 58
3 46 146 59
3 43 146 60
3 43 148 62
3 42 147 63
3 42 146 64
3 43 144 65
3 44 144 66
3 44 143 66
3 45 143 66
3 45 143 66
3 45 141 66
3 45 140 68
3 46 140 68
3 46 139 68
3 47 134 68
4 46 1 133 72
3 48 132 73
4 46 1 132 72
3 49 125 71
3 57 126 71
3 56 125 71
3 56 126 72
3 55 126 72
3 55 127 71
3 55 128 71
3 55 127 71
3 55 125 72
4 55 124 1 71
3 55 122 75
3 56 121 76
3 57 120 76
3 57 116 77
3 57 114 81
3 57 114 83
3 57 111 83
3 58 107 85
3 58 106 89
3 58 105 90
3 58 97 91
3 58 95 99
3 57 93 101
3 57 86 103
4 58 75 2 110
4 59 64 2 114
3 60 61 130
3 61 58 132
3 62 58 134
3 62 56 134
3 64 53 134
3 65 49 136
3 66 46 139
3 68 44 140
3 69 41 141
3 69 38 144
3 70 35 146
3 72 35 147
3 72 33 147
3 72 32 149
3 72 31 150
3 72 28 151
3 73 27 153
3 73 24 154
3 74 23 156
3 74 18 157
3 77 5 159
2 84 165
1 256
1 256
1 256
1 256
1 256
1 256
1 256
1 256
1 256
1 256
1 256
1 256
1 256
1 256
1 256
1 256
1 256
1 256
1 256
1 256
1 256
1 256
1 256
1 256
1 256
1 256
1 256
1 256
1 256
1 256
1 256
1 256
1 256
1 256
1 256
1 256
1 256
