15 40
1 40
11 1 3 2 1 1 3 1 3 1 1 1
12 1 2 2 3 7 1 1 5 1 3 1 1
12 1 1 1 2 1 5 1 1 3 1 1 1
12 1 2 4 1 5 3 1 5 3 1 1 1
11 1 3 2 1 5 1 1 1 1 1 1
1 40
1 40
1 40
11 1 2 1 1 1 3 1 3 1 1 1
13 1 4 1 1 1 1 9 1 5 1 1 1 1
12 1 2 1 1 1 1 5 1 3 1 1 1
14 1 4 1 1 1 1 1 5 5 3 1 1 1 1
11 1 2 1 1 5 1 1 1 1 1 1
1 40
1 15
3 1 3 1
5 2 6 1 1 1
5 3 5 1 1 1
2 4 10
2 1 9
2 9 1
3 9 3 1
4 1 1 3 1
4 1 1 1 9
4 1 1 3 1
3 9 3 1
3 1 3 1
1 15
3 1 7 1
4 9 1 1 1
3 9 1 1
1 15
4 1 1 3 5
4 1 1 1 9
3 1 1 9
1 15
4 1 3 1 1
6 1 3 3 1 1 1
4 1 3 1 1
1 15
4 5 3 1 1
4 9 1 1 1
6 1 1 1 3 1 1
4 1 1 1 9
3 1 7 1
1 15
4 1 1 3 1
4 1 1 1 9
4 1 1 3 1
4 9 1 1 1
3 1 3 1
4 1 1 1 9
3 1 3 1
1 15