83 83

1 82
2 13 64
3 12 7 56
4 11 5 4 51
4 11 5 3 51
5 11 2 4 1 52
6 11 2 2 1 1 52
6 12 4 1 1 2 50
4 13 6 7 50
3 12 6 61
5 7 2 7 11 48
5 7 1 3 14 50
4 7 2 14 51
4 7 4 15 51
4 7 3 16 47
6 5 2 2 13 3 48
5 5 2 13 3 50
6 6 3 7 6 2 49
6 7 1 9 6 4 46
8 8 1 5 1 1 2 3 45
7 8 1 10 1 2 3 44
7 8 1 10 1 2 4 44
8 8 2 5 1 1 3 2 43
9 8 2 6 1 1 1 3 1 42
9 8 3 6 1 1 2 2 1 42
8 7 7 1 1 1 3 3 41
8 6 1 10 1 1 2 7 41
6 6 10 1 2 9 40
6 6 4 8 2 9 40
6 6 1 6 3 7 40
4 6 1 19 39
5 8 4 5 2 39
6 14 5 3 2 4 39
5 13 4 6 11 38
5 12 4 9 10 38
5 12 2 11 3 37
6 12 1 3 7 2 37
6 12 2 1 9 5 37
7 11 3 3 10 2 4 37
7 9 1 9 13 2 3 37
7 9 10 4 8 2 2 37
5 22 8 2 2 37
6 10 14 4 2 2 37
8 8 1 13 3 3 3 2 37
6 9 12 2 3 2 37
7 9 10 4 1 6 1 37
9 9 1 4 3 2 5 7 2 38
10 9 1 4 1 3 2 1 1 8 39
8 9 1 5 5 1 1 11 38
8 9 1 3 8 3 2 1 37
8 9 1 9 3 2 3 2 37
8 9 4 8 3 2 3 3 36
7 9 8 4 4 5 2 36
5 9 9 9 2 36
6 9 10 10 7 2 35
6 9 8 10 3 5 35
9 9 7 12 5 2 5 1 2 22
8 9 7 12 7 5 1 2 21
7 9 8 10 15 4 5 20
8 9 9 8 8 3 6 6 20
11 10 9 2 4 2 2 3 2 3 2 20
11 10 9 5 2 4 3 3 2 3 2 20
12 11 3 5 5 4 3 3 2 3 2 14 3
11 12 3 5 4 4 1 4 2 7 13 2
12 12 4 1 5 4 4 2 8 2 1 13 2
13 12 1 2 5 4 5 1 2 2 2 1 8 2
14 12 9 5 3 2 2 1 2 2 2 1 3 7 2
14 12 9 5 2 2 2 1 3 2 6 2 1 7 2
13 12 9 5 2 2 2 2 9 6 2 6 1 2
13 12 9 5 1 3 2 1 10 6 3 7 1 2
14 12 8 6 3 2 1 11 2 2 3 2 6 1 2
14 12 6 5 3 2 1 5 3 1 2 4 3 6 2
13 12 4 3 4 5 2 1 2 4 1 5 1 2
12 13 4 3 4 5 2 1 2 5 4 1 2
12 14 4 3 4 4 2 1 2 5 3 2 2
12 14 1 3 5 3 3 2 1 5 4 3 2
9 12 3 6 7 6 6 3 3 2
10 11 11 1 15 6 6 8 3 3 3
8 10 15 18 3 9 1 1 3
6 10 15 20 4 11 4
3 10 11 57
2 11 59
1 83

1 82
1 83
1 83
1 83
1 83
2 15 66
3 16 8 52
5 10 1 1 6 52
5 10 1 1 11 39
5 12 14 7 2 23
9 11 4 4 8 1 4 6 16 2
11 3 3 4 4 6 1 1 8 14 2 1
12 2 1 3 6 4 3 2 3 11 3 3 1
12 1 2 13 3 1 4 6 12 7 2 4 1
11 1 4 15 1 1 6 5 12 6 4 1
11 1 4 15 1 2 13 11 2 6 4 1
12 1 6 12 2 2 9 1 11 1 6 4 1
13 1 14 2 2 5 3 7 5 5 1 6 4 1
15 1 11 2 2 5 3 7 2 4 2 4 1 6 4 1
15 3 2 6 1 2 5 2 9 2 3 3 3 5 4 1
11 6 6 1 11 1 13 5 2 6 4 1
12 7 7 2 3 1 2 14 6 1 6 4 1
9 7 12 4 3 3 11 6 4 1
12 6 11 1 1 4 2 3 4 6 10 3 1
12 5 11 1 1 4 3 6 4 6 11 2 2
13 3 13 1 2 4 4 6 4 6 12 1 2 2
12 2 8 2 1 2 9 4 3 6 13 3 3
12 6 7 3 2 3 7 4 2 6 14 1 5
12 5 8 1 5 2 1 12 1 2 5 5 5
12 5 1 10 3 1 11 3 1 4 1 4 10
11 4 1 18 3 10 1 3 1 2 6 9
12 3 3 2 1 8 5 8 2 4 5 4 8
12 7 1 2 1 2 7 6 5 1 4 4 7
13 10 3 1 1 6 2 5 7 1 4 4 4 7
12 10 3 2 5 6 3 3 6 5 8 6 7
11 14 3 4 5 4 3 6 5 7 8 6
9 18 2 4 4 4 3 5 6 6
10 19 1 4 2 1 5 5 4 3 6
9 20 4 2 6 5 5 2 3 6
11 22 5 3 6 3 2 1 2 1 15 6
11 23 1 4 1 2 1 1 1 1 16 6
10 25 4 2 1 1 1 1 4 4 6
10 27 3 3 1 1 1 1 4 8 6
7 30 10 3 5 5 1 6
7 33 8 1 11 2 4 5
5 35 3 9 8 4
4 51 3 14 4
3 54 18 3
4 57 6 11 3
5 56 7 3 3 3
5 56 2 7 3 3
5 56 3 7 3 3
4 56 7 10 4
4 57 6 8 4
3 57 3 4
4 56 9 3 4
3 56 20 3
5 56 7 4 2 3
6 56 3 1 3 2 3
5 56 2 7 2 3
4 56 5 11 3
4 57 4 8 4
2 58 6
3 65 2 13
3 65 2 13
3 65 1 13
2 65 12
3 65 2 10
3 66 5 7
3 67 4 6
4 68 1 2 5
3 70 4 4
3 72 4 3
3 74 4 3
2 74 3
2 74 3
4 63 7 4 3
4 62 4 3 3
3 62 4 3
4 62 3 3 4
2 63 6
1 83
1 83
